56.40241896933277
54.82212272796682
62.07347340755502
62.98262721932702
41.74478216339213
16.28304674745546
11.197999215653212
26.28428624004363
40.1418775104462
42.90353846556934
45.327072571369854
66.15368521478437
65.44779285493972
56.86068629974557
56.18626527751138
55.16334146479792
71.08321653144938
75.42637127635902
90.55099548233771
78.77676410014699
68.17440850870398
88.61853792195656
77.94839772580788
74.86163220752127
98.34916828561046
97.3134968291391
84.13094124813591
87.10625908257654
69.78932681041373
60.13832001508419
65.63523690577694
42.70523444384861
71.52843415098886
77.94002380102344
74.5946245262048
75.26807601915465
64.03825406188675
61.00715124884137
54.686176435274376
59.53326882983877
58.285360301015906
49.75146368158181
53.39363106231465
49.8349828478321
43.704688556523884
39.80533495058948
39.210784393352995
39.6390272720329
39.44888342449725
41.252743387499955
40.31741168134968
46.75028627396668
43.78531221081231
47.6181283358516
50.100373933643475
58.07652566260354
55.25745933075491
36.67870134404223
40.14627929552094
48.01657167340085
44.508041181314766
35.47329201390074
48.892049382679865
45.06934790540601
52.87498400983818
45.27432854832149
40.85509722950289
54.40061178526333
27.392409226462533
38.060765705962844
28.994918673651455
35.1062398676345
44.80484986300964
43.3409529837205
48.3795440851916
29.674642214086457
58.88673115109387
51.489943878329555
41.20957923472175
44.255158810476125
39.01680682745212
34.475762198618725
27.218048943762305
29.972943840317498
34.1719603918774
30.60040295088508
32.15795938518855
44.38501370096123
18.827786243943848
8.17522975938452
10.530930877706046
11.214919347276913
4.900388184517945
8.613499863037449
21.17022829682827
24.230620769643913
23.342227908428352
18.677173109891925
22.13082903614253
26.42803473614468
29.57879363142217
32.36936461863577
49.85211403354751
60.086069707173785
54.4053103919615
66.54747427306464
62.67776032759326
54.90722482203604
53.212260367241754
54.59888408855961
52.54550695906629
54.452403488817446
58.070041098476345
57.90020189357754
42.71292711329635
39.59351485999865
41.320308703047644
44.620828473540804
43.473034064517684
40.819160028268726
49.15607464847343
59.98118130577604
70.88451120991532
70.51444205775907
71.16680072268628
66.81079810252177
62.8034239710689
60.98115795278287
64.97096189503164
65.93422976968134
66.45257551890087
75.18381536937324
72.03697001325436
76.9961950980315
62.82797422943205
62.01384838636692
62.35158959402671
53.81136105394862
56.90677659532917
64.81598867030284
56.47654943035796
43.271930264568326
45.42585459084765
44.722090646609715
54.598220221507134
56.23900653604028
54.383305138082534
47.061618241110104
54.22065963160447
57.98474347559267
63.09687669475864
50.36626978401538
49.416843849241985
50.917077702030376
45.30447379814106
48.1186201976806
47.80690216129946
43.44137603108534
34.39558823102931
40.13261793028475
34.22478090468266
36.4672816820139
39.528868299579216
37.91763033746049
50.751707004115524
45.29506776974447
41.76788462418713
59.54580395630785
48.372191976591964
52.916600484633456
54.25964637663564
49.655465989387466
50.61820543162895
55.01176488340783
50.583558465058786
40.828761736147854
51.50643085153892
56.3005473245297
49.907461394411165
53.91185152225447
51.07173969000757
50.52846860833102
50.34138789026701
41.59153792130082
50.19529197859675
45.88219321164303
43.75061696182472
47.580026463254015
48.61605683954005
41.93047698998901
36.57243657934279
34.52840663995881
46.84015100435925
38.76449278082487
37.07117064125078
48.61255680039576
48.635340729637726
40.87157975400474
40.17132376445558
33.22101805058737
46.83020644705444
54.67638888472002
53.362829979541004
44.481895568846376
72.55709599008914
54.01912311580504
61.18424370693086
65.03166660661704
53.741222603917315
53.778561250464115
63.56749671833235
58.713821815249936
70.72768277991068
63.320615165384716
65.28946457036655
60.83873852273113
60.76132778644968
67.09397411046417
67.55337869238859
44.66063637434769
29.50147965654403
57.446866578659304
30.17812921415502
48.96791528344367
58.22174759127265
78.18557220649869
98.02473543576039
81.85770339125065
69.57979831566288
53.46530250196907
68.16914486815394
62.316264148044034
46.87589462015603
67.1883288032985
67.39544910615884
67.68036193936682
73.32334757087261
83.50696604108288
79.04660900281671
67.42067292961828
73.36288689431481
75.06468964714283
63.548993180448655
60.638604034920924
53.35508534724616
60.627935066107646
51.20273979028069
49.21571989811915
56.823828775776754
47.28208066477549
62.655414563526286
66.2509020822804
47.142108935845194
58.48439929086447
46.37026204610656
37.410590389389284
23.76769742178106
41.28789774143502
44.94939119917291
19.728598180382548
32.41857198014673
15.552048350425299
24.799248626842374
19.85986129373616
36.65535502785116
28.63550038020352
26.581699943212296
40.510044448957935
31.896492635019513
39.25612970376467
39.02624687028591
43.34633640662326
45.89598637306744
41.03048561694351
30.64792521139317
32.91974115269777
28.749087400560335
48.07045922414477
37.51438524167182
43.02050437106173
39.73818074004454
35.00290934783444
42.87806420750446
43.79238798276008
40.13332524997075
42.90593530942214
38.79154214019787
38.99134215469592
40.1755748523349
32.54216827560311
25.722107239287805
22.430696663256725
25.255831681429193
16.97780470801626
23.11916713506363
22.302480104286175
25.560164702299577
21.638178378278056
22.935545010148655
26.63335282324418
26.061628646050007
36.78495060342061
22.085063951604507
14.755624227780931
25.71535565972853
22.238998676604297
68.33413165799503
60.35657093717847
65.35346246749774
62.56202486249046
64.51477282587035
63.20717939530599
58.13903622123604
64.78576720307352
63.6919749417103
61.43026347082929
49.69019242846242
43.62596482792677
42.28923726063149
50.05624942912355
51.76439617255566
43.554027038802666
48.946076499950316
43.63118806915627
46.81368274790346
36.57566540685665
44.31625170511822
42.03664312339542
33.233855453816226
33.47531233802351
42.42221209008838
42.04272458654695
43.00013255487659
40.379399026629265
42.6019958052896
40.09257232969247
33.3255498397312
47.4339868171849
46.72606363920382
38.15910803158074
41.60109621862115
44.32670162103652
42.97632584284104
46.32533378880927
45.83993787391542
41.75711995028207
42.26264941844743
37.866646309579195
40.66657452433483
44.905833103363726
40.37236561426603
41.66343618199995
39.43428675418946
38.86657464744826
36.33099604973795
38.668740344047016
35.86775937040269
49.376735760093716
46.95866634508463
56.321989723981666
46.20077310052064
48.691132652934215
49.908205639577744
48.495627702066024
47.1719452293823
49.87549184033614
53.55580456322102
51.30098141552109
51.5935557689446
41.886295824666284
44.55058617203035
43.573646851442206
49.59601134814315
40.78837684622101
38.705685008692754
44.88775482398493
52.02574351046174
42.360484182799084
51.21745677316379
47.29314896116591
38.29276161189169
37.73732185218274
41.48965439167237
42.31434258375827
36.92600466860246
33.31646329531121
35.820574948229954
38.87545914373023
33.30977103974607
33.26980155072449
28.05559541756709
14.259318667474213
25.148363350088108
20.517168962989228
24.796185061603126
23.754050395009656
22.513776115440486
22.715631944239792
34.58225440218014
34.50972662803882
29.381514667038058
28.664993918799997
33.31088891719764
31.961596670366507
44.84076526674036
37.00457272838036
52.083042977009356
62.514276048369034
43.80503786084515
38.06276881982091
36.02442745577404
36.10556892169913
36.69274846367194
32.6269311269174
33.58331372179755
41.84658947398396
42.09195585737323
43.154834912006464
46.34805347655731
53.60185163202649
51.84215865465796
34.68763238096154
53.63862017623471
50.37020839826197
49.88736065008822
50.32604257132276
47.25599891864827
49.87394973019808
48.23299977540092
48.44729665360403
36.219382329510665
43.3446178570329
45.90079750488349
44.57894042660304
47.32462755099158
52.21419177004807
48.62878680736722
48.30072569825314
39.27523605088365
43.19217626525792
43.41016355037595
40.373608445275615
40.733062962726436
41.93379543265817
38.37952630184576
32.38821760681153
40.014344882386446
39.43486504674906
39.49146450545083
34.03914878488739
42.899365895703895
40.56041447317668
43.464067751022775
31.11228028471501
39.76745696228748
48.716066710208295
52.36658776502929
55.770602397103595
48.33456638085782
30.362779806952176
27.96393351547206
41.04811015374438
49.55789333280225
26.201505534114983
37.35033429380207
31.547656616062852
32.81019672035991
34.7926695085135
29.643746142144135
21.696512580761862
34.257097060626464
32.44784345574109
22.386961159497716
38.97516276995154
31.885176485085065
27.411900010596966
32.444443195488205
28.861956124218676
12.383865170045219
19.22612591860792
19.64643192946524
30.6817158928903
10.141373465243985
11.551552820721483
4.861313922254435
19.064566847626505
22.105737080661005
7.772094395356097
7.997220591613248
3.197936509018616
16.330731738811156
12.436663858526941
20.621689471540392
20.824726138347504
10.390341403121708
12.394412906996202
12.476855492907847
15.696662366679423
29.867079271159206
16.760595924449326
19.011357544585067
28.848589659688976
27.045101379583635
26.563425392833388
31.530432032692605
20.959386582066866
22.14369851147411
29.960588064928434
18.931747139406944
20.864910087444215
37.81548376102009
26.700023117389232
34.57372383884735
37.78319139890437
31.146536922237516
39.05795674312595
39.03126978058307
34.10486077364848
34.91903368367628
26.71640603218497
25.228819648900615
26.600847125589294
25.28918356965374
33.293108939039165
32.75386596152792
22.675235977804356
30.46354790743205
33.340724049400045
28.836844650437122
23.034987187116165
26.864250609979152
27.14649097285727
26.269580715643983
24.83473305026092
12.61176843521939
21.53460740662834
26.777750994253704
30.69722543876051
27.830505166727328
28.933775720464233
17.014784225021522
20.330776720468425
25.13056107525126
21.70836548911755
14.439803272504305
17.141486433071634
15.830936669830953
15.988501588907804
18.745080054679164
15.217142076353362
24.130552951030126
18.579875427151478
19.610605225919173
25.629432622037744
30.22626342787375
21.820681080154024
28.267330240897063
18.284294691577955
21.395559669846826
25.807156399863185
24.47042623778541
31.039655482876878
22.56553783238933
24.00445944891792
26.361824326991943
30.379150737348535
29.493035286789933
24.933832253616764
30.648260631240582
39.862822886344205
29.366848897063885
36.401620825981276
34.64187474600428
27.791996255702838
35.73445400604848
34.74593996121886
35.13187643743891
26.47290482317324
29.255363252415535
27.244812866371216
35.22506224781624
25.961212998547392
27.228719975940017
29.033247372460625
26.80990279237155
28.019963416413244
18.969005290709767
22.655862401476544
29.001831152252265
28.504224447315462
37.291034484417196
35.2193098213253
25.75160501171093
27.00657188942402
26.49242072705347
16.632518550452552
22.867343958553693
19.449413942600923
23.549419813292918
21.07452240406969
21.032684106480016
15.950673081543844
23.13903838604833
18.832565928120115
27.77177876618515
20.81676126539974
22.31740823146534
19.978281571990653
21.422731652744954
22.845348122473595
30.029552879297515
30.286591278721055
19.994660487360107
16.955895138001473
20.632477130728144
20.249474094924597
17.30363105755028
13.613450388538768
20.497640827635294
24.15765839358079
18.2414536000556
15.919456551631733
8.021681572808479
21.01002609505613
16.218213348512293
16.778911063255737
20.644124510712647
21.1473109261989
22.14452030449482
20.10118970826518
21.0647164373892
21.593966396731027
19.222305171199004
23.819091811887215
22.18659419988485
19.553739490137303
30.560051488169936
27.777205548745275
25.559714991545103
21.67715910204784
27.99117952925199
23.920161130181643
19.968825146580013
27.720340647085216
28.50543286607755
22.864631568227484
19.955658112161714
18.471442513136623
24.3430395992402
27.79628435644462
20.75337439074039
17.72522172507351
25.350595084926493
25.787041586090524
26.902951225661766
25.398941005727966
31.20859371153918
26.60115599748637
29.540620835037892
26.091451981085473
27.92683707834766
33.85652354158823
27.200057692441582
46.14372215032624
50.62525596740154
38.29184391700811
47.81627291380072
41.66176020893177
34.84583103259336
33.64853753772176
29.139291330355064
34.435982307719726
37.43521533125232
45.41388340086262
43.76803638759631
41.99019422150234
35.78378734078607
35.44432404619191
37.57928545153414
51.35235257132866
50.40022164980257
47.731708300729956
40.356260756974386
45.33776795903605
42.25755297323529
41.936154333414876
44.58203246962495
50.927666874405546
40.455450486495984
45.93313713149583
47.52263696128418
35.68451511846988
41.43347386952624
36.323918042140285
47.35898144319532
37.01874765330594
29.589643497860877
24.60367794475376
32.19021889863869
23.267653304659508
33.473692582562265
42.8741790505255
32.73776245778175
30.662537590515495
32.14760308845464
32.31003541410361
31.089097250403178
25.284587695593437
34.05235217145241
25.495294369872646
39.62224752939437
45.41879888684209
34.955317103989955
47.71965188475767
22.528871347961797
31.73455267101474
31.39525987840319
31.661074895342804
30.886675817302034
21.887255347762437
27.85473014994302
31.453435172457894
28.895571539159732
30.878844475815264
23.239755157855388
32.66492306982034
35.18573389619413
32.14539009535622
31.074311615491368
28.9020888274985
24.271298139896764
27.15411045518618
13.594208802836432
9.035574386184292
16.656832767562285
15.308733447392612
21.185483412553744
4.674302505802269
4.82081943878752
7.727956319805314
5.663182202572722
7.31824255422109
4.908756411384962
14.150596000204004
1.6884796635386095
6.914845917988612
6.773161752473032
5.657075427536283
3.076523244680667
2.8039170434475835
10.377814966231181
9.430881017460262
15.392635448322677
6.127082447728093
14.374977965807997
12.412699133736758
18.13555603149658
17.605005805821865
12.650753635856168
11.137137263292034
13.077092204112231
13.148216758412659
11.910074729211397
16.74706440233136
17.836397269882717
21.226990417460502
22.551162866873693
33.410216922163244
25.22191032148308
30.555144994507177
22.728841980722105
23.10948642255781
27.85789306963021
23.992549983689944
18.27648715951665
12.799376869638817
15.277687491321002
18.891664134911906
29.833426092566295
26.74570472364574
34.82380352147335
32.61659483706284
32.77230836111464
25.864195481823035
26.350888092886017
20.63232527722517
11.637716885706928
23.017858257113538
19.606696126620324
17.441890044676434
9.799390315382315
13.827346463916511
13.240485116183967
12.886833680370748
11.314556029679036
2.8399214137168785
7.851595086454255
11.515807842931567
7.9319276879118785
14.172520285070082
12.290664907568832
11.29805730236641
16.369802389097835
17.795649089527338
23.085334765779
19.69317870351683
12.000607407002729
13.349826854173362
14.563912405762377
10.48137506219356
19.536047016587254
14.172528442322633
15.248923366769024
10.932361416128076
19.30896836104912
14.269724736467904
12.18753210353524
18.9930498943333
19.49509011125267
13.784041786443959
10.84721881387619
9.57973022765659
4.756470512303339
10.901343503343218
13.012971748081187
10.593905471889176
6.529559557866623
8.802630766586889
12.311435689948272
7.050683134175285
11.208835959232877
11.471195508434127
10.817687956224976
12.222119252324568
15.228806449054606
9.215837833729035
8.35487775237239
11.323072355061205
8.729834025147936
11.102180116266913
5.11422167831226
6.2221445597244
9.027618869579687
9.041885181988956
8.313075587587358
9.186309748387544
9.286731451191146
10.01072030769739
8.2055344422639
3.676156260821812
9.019326672214643
10.66948531208164
9.006498248703364
7.081143271619602
3.3911379297289854
9.183340971624053
11.561570828928023
4.0458465897297495
11.798219842160126
17.971015744270893
8.544697441732772
9.686415282836402
9.544341728760191
8.709046818001157
8.818226867701519
8.464010375026984
10.532255944691167
28.883703398581776
32.27131731260839
23.01090482202183
19.401272766106512
21.74508556293649
13.391436934906775
15.301581028142206
17.80922148328095
25.928387442984782
13.801564895605795
14.428133641425756
21.573466367281505
22.52384931897546
23.4583670521347
27.309981097334195
33.11263286240495
41.37264994081602
37.857587732276954
33.69247294477528
33.76313014109423
37.039696843223645
36.19051389325211
32.36144275026679
27.919468870465007
30.611180085602456
33.00135211576804
27.561889299570087
33.12301210562522
27.246515893334678
32.046183916661285
25.3498223471257
29.881843183834977
34.830351010143225
35.43012588573925
30.7101846260026
29.76373251894851
25.505579166885333
32.12421561005537
31.79000835236574
33.48575232155638
27.15194307718144
29.4893585648486
38.609728683662716
32.26641132145423
34.92403039168086
31.71419772120362
31.18253243835531
39.16944770406989
34.42086729326016
46.56318054528065
37.0484363949475
52.31510871037339
57.95850239025759
61.959675817798896
60.66167090713543
77.55985314079095
67.23987910379557
58.60899010775231
54.897210038672696
45.35441600796407
53.59910691552017
56.633921420728385
46.796340796748154
45.041072082545156
58.71786244886834
34.22568979968407
41.34412544495457
37.5128588904479
33.83573822635943
28.784986900214285
30.647763730305794
28.806516039519952
29.47134270739111
33.6698249014017
30.165058898746544
26.21455630323679
28.569714119594945
13.708640520370736
19.76442595205266
12.124198094736135
14.131754891441686
12.456734052677369
19.781257455546857
12.573201226051417
9.743401620469907
16.72899501258805
10.025282350891896
15.897006861197521
14.963244888067635
17.204885401584313
22.993605880615924
19.076191860547347
27.931177640619538
27.54273761571399
21.933540474343626
26.70745711346331
26.93280357000791
24.2086923368729
25.06311598129345
18.246309680011386
16.748231057461034
25.60089684273261
14.124620694224022
6.9577069746712805
9.832973732057695
5.356877321886861
7.725341407784089
11.82449684533786
5.535880003091962
12.659314580290452
11.505594827929244
6.458024500671013
15.172865629774947
20.620558131832784
10.992443765443289
14.506972666407655
12.012320329210894
10.577715066603977
9.125513437431884
22.760469244952272
19.90334656193643
9.51205883104449
14.775069871140147
8.087735433026296
11.312962641785433
1.654510853849556
9.358079701725199
10.162607014500654
11.419834073667335
6.465999017771212
12.796502900855765
8.887807708610124
5.664485715402903
9.981665186065495
11.37380124591208
9.824223116344882
9.655168967256131
11.725448298303126
6.045661412000335
8.397493857152101
0.9668353054542871
3.4481030450123513
1.3505569543305724
7.784894210339463
11.857158635847801
9.316996280467894
7.146489281815204
8.16618342724107
2.9969293191157083
8.336459632123974
1.3329233376753722
5.893797472581172
11.495957103242292
10.553550049747626
13.968323520908434
13.346614157564217
13.48079071766399
15.303158674562065
16.349473528339104
11.986829094256157
16.585708844325104
17.637785990744945
12.945673191645126
17.488501065191873
13.204125484758547
19.435135078322013
17.306604094711087
20.54792026620911
12.319856105348968
16.487303744951955
14.32402536300462
10.33674503446955
12.301377908241266
7.924274835008709
7.449729101551
2.7569569421790527
6.445018729063424
16.463806480264942
12.898107445658825
7.574718068212808
8.830598762576741
13.998147591244608
12.87452093830745
16.263782977321462
19.701095793747257
19.11323084207131
21.32231156621125
23.352230516890632
20.803836045317716
24.211204040765324
21.689961933064662
24.46195013006951
18.470844585142363
18.542868231999186
20.515833484170336
19.826187270480197
17.13838588339488
13.684124410777624
18.841557249211633
18.91084491253159
17.227264217349568
14.269490614459698
14.189663754491209
22.091110949445067
34.553495102300985
29.46815937889156
26.248544579760644
25.35025021702575
23.07623181421637
27.75228812948005
22.73724160446707
29.8506942228759
27.669447640653225
26.97412680618349
29.995040481907772
27.085517015010055
28.45964687423236
27.622922852889943
24.561096552444383
21.76720514523242
28.549950734062374
27.69144969190271
25.99695986436259
24.134427533550966
21.64165555504313
20.797722443025307
28.12078093349788
25.35956405993996
29.581264535457592
23.48531850242492
30.018020647507317
22.972534119928483
26.67756975404026
25.091936171487674
22.181294437972728
27.291841184543557
30.220940354838998
24.071983409120342
32.61253701971582
36.18139835649911
28.108050565178026
31.618700017956737
29.907102686092525
26.628895781940845
28.102156891520043
26.334925303084827
32.04443534061646
37.32791714528164
38.98367743078199
30.782286399562405
31.86877752586241
29.725644780441268
25.499714691914757
33.18932698068149
31.320896586024134
8.308791200105953
6.605246536903599
5.481596238968282
4.906747666975296
7.464347183249801
11.182386952589626
11.829768481974424
12.11671042029161
6.399245220464784
8.18069907343378
8.954762775291611
11.66361118819584
19.243925828811072
16.344976844106363
17.324542276421592
33.23893528508373
41.40004913731694
41.437185050850125
30.667471884705893
45.059783283149166
34.57215870910617
36.69262830377607
31.96896848362942
25.077141878823024
31.804343956592252
33.98107869097377
30.38595275133523
27.150919426084748
30.829073594048523
28.98088428538494
26.572461403359647
36.91252871735445
39.20343160622618
34.04445283146035
31.801929544269772
28.90831409774247
36.20654094664368
28.127089667983302
33.01465255180188
32.4081516303403
32.64189466669078
29.841755629442392
31.86782333337308
23.674854681417777
22.52792683445559
27.21668873512452
28.784024155076356
37.812128492005876
37.2705370358047
48.573097594197904
43.83734228024287
12.53246821283787
7.255631229459911
12.445720471640833
10.264458136576021
8.139015926760235
19.216281452526637
17.77383728966972
12.809833843426654
11.08474400407403
11.000690460122415
12.838767804413875
11.622392409097948
22.26915643962705
17.569892201487445
10.780634658293529
19.507970180232558
15.782669370975247
13.79579755295296
17.494536896711598
9.437438526825588
11.845970536010135
8.357073773784808
14.297992888775925
11.939788024605948
16.177573418295772
19.241798798036577
5.9355358220718735
8.428717494875935
4.467838946952449
11.383299557843467
9.060877409788088
20.13728266353472
15.379723643328548
11.928787637398576
12.064924194277287
13.444831608108618
13.95270116344919
22.15823495761621
14.646009065480325
24.622223664736982
15.962388882802474
16.96614681675766
20.727459010240025
11.644013034731369
18.94983861024869
17.301114296849
9.96286888308878
10.48880283310601
12.806391646113736
17.670394699888657
19.260208889379463
11.067490250296606
8.223043554401517
8.091101801600821
13.696375006875163
12.224566423394897
18.71849575360213
6.385822265583089
19.440461329240122
12.610625582265632
11.707263304876257
24.81325848775224
12.866202205550351
17.427635210770962
25.135853897571913
15.976653580906236
17.443154152790992
29.929003085764208
27.73418164866894
32.19630448872885
20.867629014865983
23.051744682354578
15.925632678790308
13.788369163362848
11.34300256326249
14.019618181848504
16.435878829820364
8.667915141393113
11.09663390451748
15.110535276868752
4.139707541083529
11.54601197438992
12.339721554580553
13.265216454388955
15.095878882765556
13.492735773966421
13.05649009832408
5.519894728603597
6.998927823334598
11.603864416889756
12.35400635073151
11.533489942722696
7.318282127325054
13.179917760286735
12.825429885283647
12.91958930277159
13.477070384304508
17.383334038080314
10.817093478322143
3.499964638118862
6.4340009441491866
12.102513191224556
6.4671949904040416
10.124373477035675
9.724539295445542
11.774684802905595
11.311000825578029
3.5189248737931185
4.646979679805034
8.383885812840216
15.013065458042398
4.615398535398199
8.71267346056507
7.743637206938992
7.466018671867362
8.358253936950396
4.566403524848554
5.820716908239561
10.42408543775878
10.851198860983398
5.225146380032467
5.422261182854527
6.927111220474662
9.079670549477683
3.6673505950400065
5.306803034688172
14.423837231076998
5.772738172450133
10.09040646869248
6.566895918136449
16.040017261415684
8.663363724034358
14.706210131787378
8.140888324025772
11.205343332638856
14.681683940093238
16.950854093694602
9.55470486668848
13.894320401946759
9.230732919185543
12.307345654094656
9.335467682766495
11.06772963280411
9.913933457531868
8.442249162095006
9.131832606475273
9.404371248047406
16.785580585807786
11.784308387508817
15.997157778094039
8.372573582864181
7.648774329687879
8.966804135351078
18.40746531218542
14.837491099118907
7.405698316695183
15.902931651871432
10.694852871294275
17.44928609890615
15.625800418697125
11.312250030288212
13.04845416963013
10.673331924498056
17.49226500275167
16.170481293916097
18.75758675187655
13.754031200919231
11.682889251824822
13.445227729348703
16.083864076519237
15.69515700255814
18.654206477469568
17.611273405832257
11.178690823519505
9.794872650474462
10.99136742187583
14.670825668197713
13.64612151284326
9.812723565364323
10.54084599386711
5.549314220850198
18.33433077830965
13.529557410254677
18.28036248484911
16.2264481455457
13.990770095006727
12.61871465612241
20.763309788985275
28.008310066162803
24.63935315076278
24.090310900876023
28.66332725205236
28.897596388912753
31.498144649412
27.232763199209657
31.68950478978755
35.51410080718887
30.847270403826812
34.210198158235
32.68627582341078
25.673873732791396
22.431029986670165
27.583968596859737
25.52980749611453
8.720922082956722
7.6412013701087265
6.574913771149777
7.246561601175843
6.955153365623086
10.327096322299044
5.190764264563182
2.408628915987239
12.419251685362909
1.6429890860921554
4.784868144984458
10.894925906725092
21.242620134292622
7.546892268629064
8.726008705853133
16.18864442166783
9.60326072973289
13.719837678764081
20.600560300989393
8.95567984873659
14.467060170415674
8.390115527117723
19.27006385040059
23.148604467758943
14.09045176682414
17.331307162381517
8.488481459619695
11.925917674403362
8.601576267389989
12.324071580078476
12.774945121821931
18.762443180512143
6.533468475376908
8.170766758319703
15.908489594320756
15.5142133626872
18.016953682834693
21.502220495826858
22.959152301171713
26.09491915031395
23.890024439220664
27.464163867429818
26.942418301642796
22.46595815452987
24.90781574320859
26.77845821005772
28.53368271736736
14.314053620707778
17.18521519185995
20.760037907289725
18.221264905806517
7.042781949313167
5.92563012643773
8.708106509926912
15.767954646428892
21.099887139254236
22.41037887704942
25.23786538428396
17.549752392356027
16.377045536955297
24.415560359835798
22.97908037814712
10.30725760864353
20.755868498196925
21.81659006273875
19.65212421076801
18.551601347205434
14.099749902737408
16.020948154157843
28.100124433521607
27.558108995573843
19.320844537043666
20.7156146406594
22.030703273761077
17.288930290311686
12.118972134389464
30.344310352273887
25.536466995506288
21.517385388879678
24.98189649217667
19.967475470370665
24.767551894221803
28.461681581192227
26.86313435755262
32.652808664017925
27.91701271614509
25.17711794843879
23.38682970300519
19.76609979044539
26.373813285134876
22.080697152654448
24.83586254277786
20.34776434579599
23.539317642286687
22.419562044362657
19.264073353112178
17.867060368922456
17.332509121790142
22.059642390049152
18.24493246489831
19.919451032853434
22.41861712534642
14.78250236905217
18.132633693329954
23.536119776545394
13.034951424034045
20.262950062835255
14.802243891302874
20.11695245731038
20.604390277905807
19.225699233146866
15.668362382961636
23.98828685394904
13.347324994295755
19.845082043834623
16.330062808044303
21.05409177025462
24.137211171193524
16.824558635464403
25.645050653097798
29.749513680077083
23.3216555211556
23.743337856844366
26.16115664963843
26.87440710749088
25.594537499900518
27.064124260726576
22.345112489082943
29.79527538677412
27.479342912217238
27.43634920960409
26.72609190558765
26.511205873564293
28.39755466422744
23.956978647105284
26.644479925698434
26.596912774866766
23.719010057268836
27.40192420152111
30.552195246590315
29.482632024088122
27.393890496103452
25.649612439602574
26.479754840248187
24.94024727163676
29.19800602288924
21.777190702441395
28.90841260005206
27.97162971190962
28.812863757804745
25.18326015550891
23.51563005289739
25.650348327957797
23.61385923353615
16.36018568519287
11.019782485080983
8.707457942633152
17.558551680355457
21.061091869911728
12.766524830872601
9.099939229679327
10.60041999049123
21.240100237397556
12.406503476173608
15.575639219114285
2.727633230097193
9.31239798234317
3.6579245780568077
14.928218184306392
15.810820901495001
9.958878198319486
8.372542087163136
8.385451833276782
11.054545912184032
3.187804529128457
16.853371186117485
6.672258824591054
24.948867575229354
10.382866065740952
6.201610956797333
3.119717044295511
8.647167786331213
8.390755103318053
4.461474371148311
15.135597475976724
12.263399759249525
13.374527429168106
8.430766792762686
10.012963259956804
18.647283824836265
21.318175593731976
19.925162877860764
9.472413061315669
12.226707662557024
6.002655179772652
19.981352315283605
8.995170242188735
6.611291179126027
8.29585171517388
15.362771514971236
17.569830953036142
6.440697236250415
10.912772022980246
12.97513687393569
34.88985272684554
42.51556613400545
61.04746803842763
64.42972129681522
50.70248413185327
36.64454073052966
31.450150319761857
32.167739723736844
48.83380285275276
56.02334056010261
47.23613454547616
84.0949492196952
62.272340045242295
58.05455093245341
58.260034133839355
61.42268077680417
55.86228808202026
38.80488723464089
35.9831430453107
49.33867511298205
42.40024728257589
37.60877052947708
38.88847686474352
50.61268766601269
41.87251144990435
28.15201391575563
47.444404829445375
53.63800600256212
49.65119844677292
39.83097067540132
38.79793186818528
40.08487959451949
38.39304182817741
38.87543488663739
44.97496912688452
41.66698221447844
48.13449601760035
34.64111084693612
30.679976931254007
36.42027844170701
28.320860236342284
26.59030109097498
35.27392794421359
35.50977982381212
29.417268636028027
39.77915463278744
34.67703500181272
40.63461322915695
49.61071624978771
47.185642852754306
50.0002513224342
6.555769431525692
10.01505835829707
10.490369960192561
9.532916374531112
4.670002167584222
9.264217361822478
5.323414405950113
7.908707006971005
14.019260715837405
8.755640997556352
13.613337474357177
12.301413495878876
24.884112807361387
13.886770324127035
19.01775988629676
24.022974076650936
28.388577057017887
19.68270050740226
41.11167563777135
17.928509785291546
23.090600427501432
17.997570725106648
22.42634395454777
23.237723674361906
18.827397017533958
22.426962192959714
21.252800484315927
14.587441832366938
19.36995195234107
28.073810780451147
24.981727293459482
25.21930854106787
22.267109696256725
19.84817593927933
29.596413863151756
19.43711938025438
24.261590033041657
28.48632841714978
31.578050061771442
33.83540456873629
34.471869014291265
38.16810415586405
35.62432832129732
27.297709361504083
27.86777309598995
25.056477644400047
30.550140563993853
17.807329607178623
21.392260928510336
20.948794727031316
27.794818613364104
14.634135446073905
9.999796170498358
13.532386345336455
22.70576379306656
22.60927464497584
13.845125607678039
14.353027227677762
14.484343147084076
18.01131191936516
21.478140636929243
14.998512302062394
20.510973464667863
18.390645922697672
13.787791881840068
11.6663713042657
16.59626604233424
7.499675559754064
10.66228140638747
8.40202837689589
15.211331510476858
13.293322679309979
13.533142170077733
15.801598832129505
19.3106417864706
0.9976699329771667
12.120172128042324
19.39772286613923
9.475040131982563
9.031117733158899
15.99955312259133
15.248894177147383
17.101387896649957
15.998511438931454
13.51368545483013
13.93304115162121
16.389558411462623
16.82285700840932
7.786058275079911
7.543419536291668
9.32968276964045
4.763562210956328
5.331913460948579
9.963096547946433
6.247056611634027
6.585864363243229
2.4154225429702882
2.6111075954557896
11.27726220531017
15.802265150084173
15.323439297873106
15.962019898156342
9.803887233436777
5.712628824841742
16.358693893216373
17.653493156499806
13.97048125610862
8.519483559248343
2.716880462009018
5.464155903475171
0.8290437018289828
6.732104753554378
8.71240112901484
9.330070979750055
14.78987085632437
14.792073997571698
9.56375674138448
10.964136745604206
5.701646461753032
11.081077778540504
14.923258536618098
4.230977788234509
8.394485726227476
7.378577010791856
4.45557736418452
4.498453068136877
14.451831095139184
3.0833536600905105
12.987359949783794
4.062628103809491
3.7871314950979174
14.607568688021551
8.155409906362355
11.744852540813847
13.476635023852836
11.85572941194767
5.224221489239789
8.481915594785274
14.52966512478439
21.974718709220504
14.549694569467302
11.160843948777128
8.447934554628755
7.416396559912744
9.561526122636732
15.250529388734519
6.256260894041886
16.167571531890125
6.725940309569274
8.902389396935776
16.891854300353415
13.98754637792053
19.02825110534792
30.933450533904676
25.511346123496676
23.734363861196453
22.938366927270813
24.894749367547508
23.393745764402535
19.69702462730804
23.584151597142753
18.700996982487023
18.822888943269575
23.82243150909952
27.226080246240357
18.56840461645183
21.945948933084242
15.451539481888547
18.52061066567132
23.943191306631743
35.17453275212763
33.64231796785328
39.04004563071021
40.624193984703645
42.420568875940056
41.77743996567531
52.17988734231101
34.809816534652995
36.6483640458968
37.53199894261529
31.443754027764815
37.876693822781014
34.16435087083759
38.66445940232617
45.60763116464257
47.15359068664751
39.008293367114156
42.70248359558918
31.066062080301045
33.86535597152536
37.30369990041028
41.409472452010256
47.94597549978218
39.860257984690385
34.396442125320654
36.645928675733394
18.027693450601124
21.238265761362232
35.03084249784127
33.39009963993965
33.001395393415265
24.461323778215537
31.311545205915415
35.035441706028294
67.87316621832
59.13750719721832
62.274623114651256
73.04081939822844
13.063387570429732
13.480708356334468
52.200990734457015
30.68482121796465
23.149479808173858
16.071425251917915
21.173085593530725
27.192118141367793
18.504127868327856
24.382981905246208
28.40141665626139
40.288784518832806
54.11319741263005
41.88696625623201
50.5067095736305
36.610537817545655
30.209284787390093
33.66862481451474
33.39591992577422
38.6356946659655
34.98971908050398
23.047218777757426
26.33447542936347
30.16418085376163
34.10250766270431
45.32999935019392
34.08469087167693
26.1623633031456
26.715193646699046
40.05903710274151
50.33342571008452
28.64509442415587
23.607346655748582
17.377071999830367
38.80218351613206
48.73383538209756
31.142137223735958
48.14382278719518
49.21641943699864
49.21274638736733
26.045663544664162
38.09850695383451
32.661687466305466
41.50967444127154
30.24325167107307
32.888668474631864
28.276344650031962
33.41107972186959
34.515313403023384
24.071886316688865
16.542307770593517
30.50495832658887
30.112364398133444
22.880943210552257
19.960369991172474
26.501823541520466
24.198262797963675
24.10647439878609
23.186394753589703
28.681539160264364
27.748366921792627
18.185675470296353
28.451780933257115
16.752866711236074
12.254833963170057
17.601933870438298
25.7346503002607
25.29098826573177
25.17506939908116
29.529551490563613
28.981484285764086
15.547498788286049
26.430628749122526
33.931706287784664
19.84171834444744
23.846841141935002
20.96993208681864
23.51430804784226
37.44333553942813
28.62892267319889
26.630273660688438
24.369495439133765
33.373105818212984
36.08078960723504
11.827092175211206
6.69108341843274
8.951977754394717
9.666093064746686
3.2034381705027095
16.35953072040563
15.142809448112805
11.651705812974559
18.77995834220138
24.38521604880892
19.631428446440065
21.22413937079449
28.51510742337686
28.127261023351142
10.66331239429376
17.974737238192827
21.58589064741972
10.564581034884437
13.40807026395813
15.374747764164383
13.884487037480804
5.873544062909972
11.068889667737082
2.959376131956712
8.049373195779516
8.895579158689731
13.422110038399738
16.83621375721998
15.401345855862989
3.8198915609460973
2.2142967393513584
10.53496796839557
11.42329322587966
5.753032945922683
2.6844982595941205
5.299412237907878
3.0192007079111365
2.9422502485338398
3.2322100327683025
2.8706784063231336
11.177865106672142
12.762046632105202
8.534047082506968
21.53402581798472
18.273122249809038
19.878249279268267
21.65079632040203
20.183408550904485
13.374186639250262
8.976828419045793
13.220820723653755
24.48594997887621
27.387169279398762
20.842951141539878
18.002149324096788
24.355136431191333
17.63147496877847
20.772896400402338
15.706840053507014
20.802589329136506
16.818424589021536
10.207509102320081
23.624292764939895
17.048873350332123
26.215117000874006
25.4273373488768
22.584636942242614
27.340970812779766
27.513184131110872
26.447505785784166
30.21665508179718
16.89249043282632
27.22792462208587
30.37300498992435
20.573988331781905
34.314811902127296
28.88038899978377
23.137461826706677
23.603997761782693
18.474476711732915
15.994259654240407
25.055358459712973
33.3118518822764
37.90061024519022
36.20921949037854
40.214723341926636
44.86391362448551
37.36009319949652
46.33668281236298
37.72712591383416
24.918015762165396
27.251572073740594
31.76421254623778
40.03800033041864
31.383984859185002
47.4963100711521
45.25878610247214
44.169168200878865
38.178725803502324
32.50918618510675
21.96686130026705
20.786733924026063
34.78821928669472
35.26619532451837
46.068170112150675
34.066495113869095
38.07329609179866
24.807343658131604
7.392195844883138
6.973379392521766
16.65658461670398
3.8471514636152846
11.450001894130986
13.917941416931122
17.287952481430047
16.69476805315622
84.16900772842436
73.83821199071727
63.107066982387124
78.99401267745031
70.85344245133477
66.69379544276558
74.281683856159
59.5782343580168
53.486707458196406
62.11352144405473
75.23296560431947
48.759609888733735
69.4768480933891
54.84378607406024
60.9412739429588
46.436674045891216
46.81100734812078
59.45800955300232
59.66586515354339
46.47509266983542
55.545061187003476
58.47345512531513
62.425719138449
61.894791836489475
58.55270253019858
60.81309271761275
80.33811535158614
73.4281720329683
65.9564074692915
64.47671563110936
76.38947466890009
50.50750881943423
62.97672542118414
64.06784363704746
80.60565270646187
81.81582842371566
66.24966001188474
75.62726624984904
59.98525458913706
79.02283522298264
62.69983202933785
54.124298254400514
54.922084410749655
62.76368755536942
90.65802500537733
71.89644607586773
71.4397032497223
87.12664176663155
74.13784281521593
52.05172326413371
36.68778671627473
56.566672940763276
40.5116702992062
20.154510487786112
27.987411335272327
22.89612381585234
35.50827793342164
42.27781107154992
53.90697562124792
62.98277532171968
60.825759769015185
55.13314870507092
64.89949669368465
57.82121447071656
62.282811677451974
74.57950015814437
74.4255061653728
84.09040798482545
73.53280001583775
79.52015622401127
80.68641051825739
79.56442228819357
53.54956619350731
51.720476582946866
68.65486676784815
87.68373319332952
93.44261737053037
100.29062406513142
87.5624495605144
90.60025369008666
95.16923115023818
91.96398792984864
90.23918223912295
85.51493733155979
83.08790412127851
74.81898785143775
69.80948098398578
62.46497007223331
64.3323159280582
51.810090148025246
50.43608728273804
63.43972420736806
70.41520657351613
63.43122595716516
49.76584106270057
59.83557551863455
68.58946725929538
63.85137394810874
63.63121904434558
38.70659293354506
28.715714830782414
46.20703492211267
63.545362210113176
68.85561678239782
78.2637059575547
75.48124528641037
73.04752379531355
67.75410902439805
79.2531928128822
74.50417544961196
74.97472981164813
74.33488173003973
57.83533799632891
67.18963009563858
53.47614045078165
53.41958277504312
53.33677745810509
46.526517908587536
41.58874881129388
43.48541529578707
48.291452448304405
52.0404092100186
57.288040110438175
49.81249155988586
47.89243732797357
48.482537273733314
52.96464338781032
68.9059859400836
55.36077845207237
64.95057613600291
57.63068706996669
65.88881228842108
58.83343692203823
50.90508771724261
50.94279651429095
47.965660764054725
50.98622592620567
54.148407789719265
51.81629185897562
59.84430694600764
57.93042008863041
48.323521779743665
51.661059522284354
48.52776684661388
44.97490328179006
51.07455957512723
52.17429764877554
48.82982879526296
50.6913627841018
48.7590381120908
44.16296853563183
45.257315366150586
47.66681606042863
29.43279913532878
33.10501516670673
38.88136328482672
46.027440326663516
34.57336714723113
23.72924251874618
29.43395739457387
23.77606135137207
35.74002775186988
34.31206948782014
31.539514457814704
36.686594694135444
34.86041843909033
45.168734806513456
49.03894417387624
38.31157572420087
53.82091421843394
52.54589591724103
57.11340560091029
51.98725677313852
47.709867310946315
43.8700907018187
53.361235010798616
45.37433579903538
53.776241702278895
56.11451036458815
57.48966252630824
64.11643853571704
46.58530352400259
54.48933970692356
31.33691150463975
49.41770903529361
37.576699689196325
44.04023538674393
48.36461354350821
50.71014432225289
40.50098092669041
43.10707906338458
44.413443861303385
47.27675475461357
40.331960611399026
33.90660707781824
33.81549546614604
38.76588345550628
39.26063505612882
45.53082340268514
47.84196636817786
51.79567394324346
49.969458392543594
58.353323713391475
56.658358384406725
40.278703342224134
39.40650242784291
40.532002113594544
43.91282546026057
33.28921324055832
40.76209541734823
44.60671625296612
37.59339674299579
34.86228381391719
32.69973156836572
37.66278885185828
33.49833257568082
34.08923571635248
27.228474748106677
31.960139699368895
36.75187938312719
32.405860835347475
48.18274359367559
36.299070957477724
20.706084539372068
38.80108666209418
32.66587903967246
29.940167458745364
34.513384934277916
14.065955119120606
37.94711942606786
46.47367556897066
37.06732109464912
46.706300926837116
48.433653231034015
27.519013505883255
45.15263867677235
23.93290391190389
34.62473685290443
18.356774630013792
29.311554226068452
27.757087121828658
32.80739046499077
29.531374798575754
38.88715656187019
60.893014800757015
55.62950488304631
54.16828030646399
46.37939885660099
49.073031086604885
57.81357660593291
45.71755827958303
42.95801900442058
44.67027607957929
39.518324325583954
51.15238219354402
59.03475837457054
58.34163964368586
48.707975736975314
52.37016638862905
42.54498992227764
49.094781822137485
48.395513279957186
48.925713602755636
52.28425939764313
46.94618055444283
25.972224690257146
41.79623795810173
48.80143477530877
46.94740496193504
52.68892250594399
48.176572546629394
46.184150417248176
42.65536366888232
39.81299628137624
38.47664942107722
40.65986695218211
42.449831728923684
49.15539855496347
40.23831546337416
38.13224314381177
36.889898469422754
34.71506710996332
31.229095638069186
34.12961312940636
29.972458109925352
20.41585173580967
27.487107269026705
23.79773024849257
32.11708425031074
27.316232582148828
26.243126511450217
28.09786081793801
29.533083860477657
40.102593848287256
44.68111739763556
31.186456791165238
33.26366607717798
41.47140052100262
41.39370428393433
45.8739211032689
45.120133313509314
33.26538385946457
36.20038321546957
41.13333392528618
41.819895684794666
39.52612566245468
36.05477682943777
32.72495927948979
33.503054090102694
36.46262747125601
38.37534182244141
35.11781306538802
42.383881566985565
44.70141894723089
40.62658994426119
40.56385282154405
44.785547409215766
40.72703923862647
27.555862317176388
29.269096906475358
34.80520514063523
28.762278323467093
18.55287096341986
10.651673066336299
11.562157882864263
17.484291824265156
16.819493524588676
10.449873926601976
4.802361074937929
21.104083997717986
28.208110971517808
19.155160653945032
21.35701589392451
18.25903155701492
4.829343898890468
1.5469806815678866
11.027547559857938
11.572001980999802
16.075168265243285
18.954967890699894
21.025622352664314
27.581318235630334
27.59628779223294
6.84425508907963
7.666386944567027
13.951167402350354
13.987746477961272
15.853907005031562
11.366604880636611
16.68335108450266
31.461718553148977
16.200163181400665
13.215845986260021
6.850748203621829
9.398939540710485
11.925217213514898
7.532504588686893
26.752358374445368
13.47594912450799
20.990475068564976
14.705798510170824
15.055729239742968
20.467756544027736
11.066340931626106
19.103408550001213
22.353829719739004
26.03714830766134
22.579241711712488
33.155194879440735
29.52730061174043
24.833623066550686
23.034928107973688
20.976525005492647
22.296182488212374
17.147973746383194
14.0920188261669
18.15212675174717
14.213715627295883
18.226444635738716
5.446345764922701
20.591126395044142
7.143747819236128
16.66010333184028
28.317503537059885
25.489628094636195
23.714392880886734
31.521350720101243
32.80637385965792
23.262045355137477
21.03208821431781
27.376351461430946
18.946416146632053
35.90081931487004
31.95174812902985
29.471137086349188
34.82112511921851
28.09696676031683
30.616583665027647
31.440081471423735
24.713260830058985
26.463225079352586
25.5965333166872
27.2874328055472
22.36997090309807
17.82925609000141
18.774097193545924
19.608441858252128
17.322119177072793
20.923519130013272
13.903280185201488
21.614066234896807
30.1571499467975
24.042724927839707
22.905410994658162
24.74062460804303
28.079120363758175
29.23059517366846
24.907896750734103
27.874787320682373
31.64444947820689
32.693161141069254
28.72450848584634
31.30511440661987
30.719500547997026
38.22048696829046
42.738926227486246
40.8910192212843
36.57640882867892
36.09988419883939
33.6246216254523
34.760458344697575
31.65545788440071
35.917278784347275
38.84265733034937
29.07667266351741
41.78826882969628
31.43577859797516
32.708381645219255
28.612357250652686
29.137279000921428
20.738835678833862
24.466631872738954
19.41942542492956
23.200749051283616
19.19594145467321
20.428707017707268
28.958777036249206
27.822922431830527
32.77292654830317
37.90171810201863
41.99405266884305
35.12168910136703
33.38332823653453
29.085444139424986
35.673671712804115
44.34589142677017
36.81982936313615
45.615397124190146
43.418134823445
29.664820784600835
33.40180665789506
31.09886662358731
34.33217751103954
18.785778161983025
33.49008951026067
23.186760422457844
7.71822824799585
19.765775581657138
18.24145720780138
15.690475727299438
24.63704663906725
29.967821171766115
30.73963834664945
36.571679727919644
33.90864995267463
41.5922051476062
41.51409314370164
42.8415214531187
44.92179635674494
41.54295502883071
38.59502907764523
45.2950325467457
48.3289157757143
43.64397320004428
44.583587201426056
48.46871911319463
48.491945764412925
43.650568239111315
42.54269920959458
42.27116808577477
47.76716033099865
39.45298625863692
36.39083318984511
38.504320865805596
36.64184144195517
35.39687836266825
34.58236908288645
45.56927582388322
34.22828508961143
32.83902141775964
21.600883366469837
34.96331980653602
37.43927316764595
34.67994592169401
37.58311634542143
37.40958988287551
45.80962689457841
26.739167086006336
38.286047065495374
44.4736135474033
25.633978307491855
21.464891427132454
16.662524927779252
28.529804300653375
30.12749185124763
34.43716757210033
35.782221391765404
40.26916674763882
39.65156493635935
26.016490865144988
29.24264587670332
33.79282626743932
31.47177638109739
29.5084262971223
36.8775502442679
26.76253340034543
22.892689933388148
36.072408589684635
32.96014921619284
34.27970601446411
34.70952670215247
30.659726713505513
35.27255528355222
33.166764644702155
27.96274363229465
34.91922132426813
37.712130329191424
38.35770570081839
40.258879959831575
44.06488032308551
29.283439443119022
34.100895873590495
38.77932437733134
29.905840496682632
33.900895019512085
26.866965514611472
30.34448524451835
33.59414718773715
32.22685751082696
37.309435827250674
40.65602810612799
39.923041731021165
40.96722201559742
41.14662293045176
46.656346547939634
36.29198325123485
32.22990735764862
32.027709607428505
34.86546826058577
30.07742333918307
35.31882602234632
24.724835818252124
18.847010130200054
25.57116862353942
23.112615033442708
31.500935403256715
29.28757201111684
23.865968623899246
29.663666804210575
30.757970332376885
30.1530058842017
27.05756276167542
27.397479515372734
35.79850030852681
28.30789529454269
31.4051121765077
32.32800486093481
31.00432980514037
30.688478758991316
23.207581163936556
24.882456001703115
18.550246614057347
24.203119835523047
24.498471324624514
30.06350902232734
23.55911511827785
26.239645159111053
40.32372300849125
30.145851292655585
30.756271058486067
34.86819413642729
25.594446788669643
30.52987959844182
25.976340946713336
29.535362879405064
27.37431870685939
33.84254488238994
34.76872318215144
33.7015402422621
40.74276920296239
30.543979796809268
31.290474664986785
26.27484588472707
27.766699374050095
31.215925528350038
31.56715903574959
33.4375591291143
30.706146834424263
27.374408470995867
25.628806272179368
27.736896054096892
21.603494463487053
33.563722923871005
28.74160871623504
37.257406559722924
31.469645194684382
19.882107616689023
18.54860904736708
31.042925539821802
29.710235628428748
31.688699335306072
27.42567773955297
24.11164105590393
31.132576667292984
20.986328279948875
18.60235789513436
27.53883526891914
29.247746714475863
35.22972663115182
31.031044884486654
39.486852527504695
37.38758970301223
30.86849268572479
42.57660880474327
31.263743887493796
33.951801464545404
43.29881283769272
42.023008373738726
32.05498868742032
34.358076280305966
31.19993800177149
36.40508444265023
29.30512653732091
33.05251235819271
30.18898403389255
30.941351225955632
20.38123679265794
28.304879116885008
28.996970935669335
34.544598175039226
29.92698109490563
31.276972053213626
29.6387358930525
41.59660497941215
42.22712478660984
39.1164607939101
34.17305380385543
37.9056654476766
43.03338550437962
48.5517896107923
36.03050555284285
47.854356463421475
37.29135044430776
31.354424466197802
32.976999900819166
24.202471011694833
17.930166698234704
24.055303766095292
22.290347419670756
13.651591168859497
22.122657622973247
22.045489911425605
17.429162814335275
12.889888272482834
25.152301998244116
34.324192852231995
28.3430766037227
31.577720243215488
36.17958274368166
48.486839310452446
41.98463682826941
38.988694466214994
41.17247977949797
48.2593786096456
39.83930186065129
42.37646058479733
40.33657694377694
41.80512397509087
41.68590357428541
43.00337098332019
37.45112381265481
39.07296864794523
34.23607772707584
38.852283237109745
40.417375845433305
42.544505223767665
39.414851160400055
45.337942885065615
34.825277889295045
31.506741928157176
34.62098243525084
37.85197799190505
33.85003516786861
39.3218151300763
34.02470636543881
46.15951011236505
39.488727245951175
42.62178674823599
38.5314759202265
36.478582987498605
47.81870482592359
44.556934424411615
48.82419859349453
40.907209484630734
26.574327934985934
25.933886477388675
30.609121733435906
25.578009750833193
17.952632977050317
33.66409285749345
21.998155863232356
35.54556902595489
24.272503697564247
24.72891376326298
20.010342286514433
34.940434590341134
24.279588217404886
29.885764111962075
28.903790677363347
23.001527422281992
19.080880998507496
23.92474334497116
14.866673134858
3.8422809859250293
26.61201599889862
10.885921598525396
33.97682681374328
29.8932554920447
11.308619320186349
16.370487999534078
25.609416503095936
21.261927583946793
9.022132517285018
37.65504084636434
30.815892179906154
33.96430587002635
29.808054882738286
32.09217549722664
37.25360848193889
30.293790631601794
31.16558233741659
41.18556992365687
37.89471925129756
45.53852426370578
43.51506515889031
35.23870322152778
36.06232483809354
46.10174004696269
39.55503941968539
45.06557172612175
37.78155726612974
46.29804909828671
27.94324632369984
31.21949609823453
23.146306254342832
29.414044871214518
29.466030467190926
31.413699847199595
27.1429004708445
31.80533561370813
23.69547725541382
30.527370669083528
32.92612075282241
26.390880414140085
34.689999117390215
23.47553094869162
26.04837472809058
25.133638704128757
18.352077120400978
21.554709966671627
26.762983185589245
21.99759774405762
25.43780416981253
17.829221461307213
18.221597834731273
19.256284820955766
9.950746093363083
18.124436498865002
15.04126646417365
11.081824391293292
9.33751477036349
21.65466336927561
20.328221584018483
26.610476766064217
26.28364612140272
17.628863191231705
20.3169621418569
30.096386999923
21.758295114093016
21.080681359159264
8.003206654925876
16.062600992704038
18.5417515093359
16.375070252722875
18.791602439390342
18.125152036460637
24.82091527153861
19.761487085964525
23.202258509839577
25.54004054613529
25.5557542663211
24.361694180690417
23.725470194808842
20.651201636545935
26.289822382691032
24.843401860174733
24.58657460045301
31.498749772890957
30.875951313948278
29.18503050551654
32.818465292332164
26.12662181263291
21.599085420192875
27.171605795612344
28.822480754071247
29.804109543694434
23.557956203433065
28.03441786621742
28.64367416120291
23.830491659308954
29.538095408221988
32.321848912281176
23.814254753997645
27.19247949451587
18.33214283309958
16.933831187449968
11.207271491185324
14.671867177343303
26.46947005949885
14.441835102204417
24.060913627763064
17.159463730264015
12.988460452503444
7.647980324655973
12.547824996118699
15.852996954192694
13.353623756559653
17.191889374180562
22.756194121393786
21.448175088691688
23.653570328739814
21.78006291819771
27.545449274818303
24.518848093868566
24.961961330451736
28.2201103130232
25.712545313670716
24.53233528419991
22.99615556231172
26.884286744078555
20.447666502518686
26.609921734335938
26.503826174314966
25.593742174846355
19.11105723948521
23.953925048932508
24.72532380567703
21.472316978924166
25.56796823275312
31.235923399014684
20.683888030716247
18.08524393938736
21.329796637873404
25.91399921166945
34.99579350163912
35.88000516989503
42.97201784813067
31.879510645825615
34.66946548326582
38.400400158318504
32.959053374707466
27.707854204212342
35.43096976583327
35.20298991301436
38.99491008059695
51.690883203021876
47.564782281552674
43.84925809550952
42.502561165566675
47.180241386341265
38.26407542194338
43.6507230068376
42.96828375503737
33.71055062233475
36.663154410609074
36.23292351696231
32.97016058666958
31.507690556435524
37.74602351064872
38.69370579011643
33.32887470823678
32.72422915781905
38.06749621480187
32.91677340202036
37.42369407410683
30.33729725196436
37.106722880920294
35.79876791976961
36.072001915230466
42.72999141354505
42.765541960472284
47.18329983891418
39.830603135751936
41.63197923697142
45.35310598562477
38.56375471642514
50.308210654291464
41.373480720774445
42.28010416727243
44.68072260163805
51.738183469590595
54.557518550467144
38.81274522720804
31.866003838544707
37.42614167175621
13.303787169291686
12.539682427673934
10.628962605744608
38.39349685378828
35.55290913978979
46.3190661525344
44.467624914009555
45.98034265295799
39.62287171574607
47.19423530740961
39.67683286589635
42.08005610594705
50.67318817708415
46.01559692058236
39.598864563860914
45.53439683486497
38.19203124610928
40.89583205776232
39.270133069969795
32.09024193980801
35.52552445273238
35.68318316665689
34.913392250280765
26.227738534946457
28.476670668733064
34.82995822139335
36.73221641060423
38.460612752242156
27.508966163432895
25.68825345351584
25.238879825224828
18.388634393757187
21.37125071465987
34.07245392378514
28.82444359838007
37.40864887556914
38.535561075096545
33.03716582321081
37.19407905197055
29.329960091332637
38.14250668583011
35.6775487045138
21.244663474262193
28.54425974164218
9.901363303581
4.137197059474679
3.924513957716553
14.210898066722397
14.991909783243125
2.746711570686571
0.31574725837343726
7.634548607031729
16.45840424040677
4.239253081822418
12.504172031303245
4.967820464786411
5.556631700149529
6.678593845005384
12.462740775871893
16.670922751637853
3.032176547823276
1.666817140769073
1.210154506933494
7.765574955763023
8.582985555846962
6.885622594497401
12.406105997502747
12.244857455815254
0.9674722527052105
9.752692689323704
7.725222581103316
6.757869922593251
12.773899173778602
4.008851856969872
10.927515696775615
9.788853051622617
15.165060891506712
14.44329354801779
5.909664890452693
6.457882897600196
9.006756747468113
4.939569989056244
2.1431527008168287
8.837202660898438
13.015639099650206
1.1738576259568512
15.174230568744512
4.4893601912792365
9.88038349563835
6.549194244203137
9.642585718095559
15.288591634179722
9.796304344439783
10.206493782874787
7.735884665873347
19.026088874145763
20.58239266514551
20.71863325193765
17.984581659080355
21.73219871740927
14.69195920723001
11.590140642087963
13.25272630470161
4.511219094907306
6.921764279304012
8.646734804405293
14.300024760684662
12.824972093848658
19.72795887168494
30.29826967503586
24.698330496420915
27.32973019541521
25.893901105445728
30.479101210054115
29.76803974934929
25.54458953099487
18.96772253643978
23.454747263110757
13.499638443557188
16.507339796451983
20.27247232194718
17.476761604789154
11.223213917985762
21.350651085629714
21.899832274716896
14.445333714058552
19.88250071549201
18.997541325179103
16.070339446162368
21.39602772165295
23.84022453787971
22.051445883442664
29.814003613271407
25.718862327839748
26.859974353898174
26.344148791930888
24.669475090498977
25.176049533081898
25.075988437496378
19.93168444748159
21.914658162245466
20.044434124396183
17.329623142914006
21.32706537353409
22.26523796856255
27.51479172033222
28.910029249071552
21.00648937705735
24.84943820259956
20.09583312930687
27.587056419459497
24.549370143045312
18.305170419092697
32.41040511290877
31.518740818057744
23.21242868457506
27.257850669586208
30.475075647068966
29.55918019025026
31.102712635339074
30.863746310452633
24.97848128772636
30.05038696416256
26.043919615772413
25.702431103836258
28.0213324004879
24.53799561227412
26.023052989466642
24.9177461240054
25.19873870063532
30.47657399908907
24.793706991487
20.48789183881161
19.266731860679172
28.195150809905854
20.33822859958308
25.690165507862158
24.936071685867663
27.85069519487312
26.893799708670283
29.150186048091296
33.918170268481994
25.448755361614726
35.786997517385565
33.41065014591469
21.528875003322046
25.594156793127862
20.11886492379277
26.365036414838666
28.107112072805528
24.042060715060273
24.029381529666797
26.203190390884522
27.729908657026044
28.498179193263095
30.19896277041815
26.880683941887042
23.63241513961602
28.998139099214985
27.80821545099781
19.379626590382063
10.121160999466648
18.17859537100987
12.48623974754726
23.078706684154426
27.634684006576894
30.179723628004925
23.523898179354624
33.266683182322716
36.07571498431888
23.622553713282898
28.501857517762335
39.254676497181734
33.10949953290717
39.90413630441694
46.40874939405766
47.77162748631606
41.5358960149595
36.799439446107016
51.19351485655297
37.13163327149046
44.99919543662096
40.071191068220585
31.373789010180825
34.932549469539424
39.351524515352395
35.739899766235304
34.56491135447689
35.79350218938355
41.03106623749817
29.1489301226457
37.036738794708214
37.25162667874126
29.137285353925414
38.76374573147596
34.74734233968617
43.9514599371673
38.359759343407184
42.08718907240439
34.110886720084295
46.2791082149158
43.140179679595235
44.41751792719145
45.58459488340171
45.78069022219539
37.53986879716302
44.952650416778994
38.95118661472359
12.817053687271981
6.304632621188352
14.61254171911392
11.434516524448968
7.682338824037878
12.108300498558073
13.620817986059887
19.427846643947127
12.085048008726531
14.179747435143485
12.14620382717479
22.68804949317144
19.017955258552337
15.274926577947314
10.466178337325069
23.09467364714241
25.903416883308378
16.927255627375157
20.19322726239701
22.134754435319543
30.092959475028913
34.49083610410139
23.367447835654378
29.86598531771652
31.492053295774266
34.29223310876823
37.0382644008909
27.178932158471067
26.314345740325635
41.618023949689274
33.8478270256927
35.88249044183748
32.50724994525568
34.94501852316078
36.72506545477772
29.561125364954485
31.284411308689286
36.49578183162017
46.28888005907749
43.29845610960501
49.37789144155185
51.977165519801055
53.78529041204075
40.4427051317099
46.828458531849726
45.81639072116783
40.4890139414827
34.84414492667113
39.16524815666972
37.20494646553965
40.18295600089366
16.232270073012792
10.597565489975832
1.383594428973748
9.549853952726885
11.353276618124479
2.112391987554326
5.713963344673541
4.114541692953117
16.73873719497932
13.934343257651916
17.819845835164436
15.589496165804032
9.969853078487864
8.820530007301594
10.642683233746302
24.528076464436893
12.27558356770081
10.334992791108718
13.63253601529216
4.666069576389974
8.643360101105177
16.93436798379344
19.709953087063894
21.877487787152045
12.497968810927325
17.59375691008488
7.965142484870003
13.754425735665178
4.102216014539127
12.914755920480957
12.585003606454812
18.77572043433812
6.2347518823657575
7.049638482003677
16.271515920167698
14.652140935135105
18.73822131109436
19.585520326792135
14.9433442277239
17.364532954245224
18.479296452758287
17.920276035328865
24.934286390555013
18.63184139069226
20.27653324128417
26.48636047998906
28.413283795787972
18.48343132425942
22.203237743364355
21.107450888845108
16.930243055719785
24.639676791221408
26.530037602535245
23.71079344248777
22.522228307265568
26.83706819942868
21.50320751862799
22.11819754891469
24.370014699267717
21.260454822584794
19.718349553997793
19.90394945121178
22.690336747882903
17.76661449632417
18.653643815349493
18.394402020240875
14.695936758143617
16.3772231390644
19.839896686617852
20.426100331341257
18.720644052643728
17.724113001604913
20.545407204685258
20.654569932629744
13.693992158728998
20.161359399723196
14.761187950719087
18.479895821353395
12.888857470338388
22.19755642008074
14.717106049788976
17.0428442731429
16.268102662413703
14.72323840324841
17.721121026638723
23.813055125920226
19.21918475963605
18.539072263570606
23.45737106493987
18.72894203585097
25.0220682540286
19.147985680535164
19.397428994203867
22.186232001330815
23.626211079341424
15.587682491581194
22.57662741386744
20.04787539286179
17.851467966893352
18.81630850903689
22.2959486602164
22.285204866329178
17.779004775703353
13.748862242524373
12.07083981582162
12.566901577291127
17.07438002846865
11.579927015097095
11.019716852477032
15.848117316055534
10.920392199234936
10.94263127720613
10.372409296862385
12.721516163278514
10.663352511977793
11.045525909299405
16.8658182788391
17.838160917722607
24.356091711090357
21.018340148824155
25.7961230535154
24.44251938540452
16.798271506188406
18.787502057818728
23.77563261060181
17.23427485168608
21.328715327472423
13.64217743803582
23.474592139180753
20.65343104535173
29.589014766703
21.401364240646505
20.295750024779455
14.310519993316163
21.104589267625393
22.305931888865334
22.78617394513377
20.707563033887723
24.831545443403314
28.16170560515263
26.22259420607033
18.08354046007583
19.88739263147784
12.645564016860538
22.38933523270295
16.504039281068653
20.39373293099029
25.782582862437692
26.338769496734443
27.89412772657277
20.521907079087992
19.496477828633566
18.804725696301354
21.8001078438362
30.700249084105906
27.60012574337688
22.431528905074718
18.955639615695073
25.014045701873723
20.505780031296958
27.261223218641923
25.77182829826089
26.389122539502488
29.844826171213978
33.38512321150659
28.981457233998817
26.396542189383922
28.31700225481595
44.051414816156736
26.105346281934555
36.52422491724068
38.47081568650819
46.16872087819567
36.51801215480115
42.033314774977164
48.01157188440814
37.44917047727132
46.72177454120306
40.5622575789337
32.58574805712873
38.74603979374003
41.49362336323675
34.338759555047126
36.44881777067408
33.23670243982739
31.9817840265561
25.59099185707436
36.132777763621
34.204197043741466
28.364882661521886
37.99869075916892
34.25930979480288
36.76149830790431
35.97607711520912
35.93633014978235
33.438717076949644
36.89449401322208
39.463042060854
46.3033462461918
43.725397699267546
44.96253467179479
37.60810608640394
43.38677652528809
44.7609132231622
15.909940875435389
7.090820882454626
16.137197128025267
13.361690192502673
16.006215818826497
6.25621440004226
14.01137823342787
12.565396022711408
14.606350439460156
9.224921690702033
12.48933463822519
1.604532193720186
1.3885579726531994
5.272949973982907
12.799942215015813
26.98364321802875
14.682721907147544
14.05807510797312
15.433569024485315
18.67420994552356
1.6098509628222555
13.73594187468486
7.945046937905514
10.757489905271514
3.1222681624784303
11.347274297722114
12.428129512507779
12.978185699623952
0.7067428038818648
5.575081238190967
13.466218011087863
9.862211660280648
17.035649083440674
11.949333967625167
15.922244623439266
10.201821036068534
14.742895623505152
14.726194963070615
13.462367022232582
25.082340017490566
18.1648810391589
15.705345323555594
20.808278149084057
18.0924265241353
15.789273189948172
22.24214117770668
22.78033362003659
20.44194860550092
18.706860906875722
19.730098043894433
19.98862382612116
14.623564760574174
19.192138789451363
15.518320945342344
13.49777213607228
12.401519196196645
19.903446192255238
22.472752866319667
22.832230340699514
20.040442484722142
19.893919562128445
19.999553989825674
16.251697863781082
15.444262679599166
17.854932893221093
22.662237241218605
27.591427979648625
22.05260677664588
22.49002600673209
31.498820058764856
26.674729599383284
24.18326621501555
27.31412982164175
28.994647023063035
28.956368038984735
16.343929026309308
25.252890916550463
33.399536135830296
27.12317284542116
29.04784192864412
27.778865381003822
29.176349333759642
28.500943668289686
30.665774505745446
34.55201330535366
30.6348192409024
23.059979119632988
26.74648750336433
30.336144871338032
26.669792104632588
25.2398015430806
32.80188755321503
24.697013619649375
29.971382937857435
27.678187310205846
22.641978212381204
23.6602179734026
24.107978271829683
28.352266062751703
21.670505240505303
25.114992481151816
29.770020377054994
11.703527458982128
10.086763489973746
6.685930639654831
8.70707843387714
14.786610488107465
16.358905573301797
17.251968104997612
24.129253616999573
17.12415528058844
16.63798271760393
19.229447736339772
18.256344506264558
13.116786745666003
9.934515161503981
17.586792948043367
15.385725785934385
27.36112168474632
23.41576949079551
27.76829066622153
29.338659822306553
20.047612466293838
14.331088075218426
22.178353542811152
21.582883549283835
34.47273660052349
27.881710827218598
32.954368602794496
20.480541722759224
31.496698644636986
30.806053054325442
23.85239762132599
32.13505757070774
23.886353904171916
25.653151962164443
25.652137579806993
28.852507026305382
29.295369567207146
31.43391834960934
28.222211139241764
24.59585965504343
26.2103840199318
27.525157862443706
32.64103044464894
27.118468105441167
21.261119870946583
31.04004512460937
28.413693431190385
30.34536385807367
20.28905526386438
26.059764880596077
27.453042189638445
16.964949721386496
30.30706658630861
21.119794848791038
23.636251510219502
14.637479134666949
24.418938762795452
22.055297003434145
26.28961826522539
18.62857880072477
25.560778175339404
24.787053127986024
23.153060730917524
26.470138296781425
23.161655679437747
29.074288483066283
25.111657069015266
27.63175322963769
33.13766563271952
39.5876228489016
41.79202586872119
52.89808321588484
48.671008608003575
45.303351145097
55.92037005788467
44.07109547958241
48.48547210951447
51.5537395475217
44.56984855271053
34.250558559943435
34.22889965883255
47.22661431826354
52.63123771340821
58.528206876148204
43.94392155613619
41.387768890600604
41.63872512505056
38.276458829508094
39.17028145288653
43.95939512385209
56.25304638494082
44.56992837485497
41.57593082350437
44.653578891830136
17.650513572825545
21.30929134833015
27.17053861033582
34.392389580501685
24.682073403801798
23.53410580543271
31.26205245440352
21.682331873085143
8.849343847067836
17.570502741455673
21.44823342660282
17.519834489034373
23.06200819636388
17.471053538678955
11.43895668523899
25.270988498149134
22.11089421265607
21.086562008165604
21.013689565823853
31.23221529793982
28.938598178682998
27.661627711765572
28.652566124702027
38.61223489382101
22.971628815507017
34.310064020608756
37.56819068117362
29.598136301526644
33.69964116328856
31.947910048814734
34.39423553856619
34.34529381809839
26.031259098676102
30.03905517096763
24.032030465957707
23.092995453880306
31.69610390437242
40.267348737809975
31.097795961813354
33.703931949739385
34.169146620825174
32.49784242745528
35.31137934400303
31.223134078296717
32.77574749017632
36.08662435566017
42.4660485295653
46.00753362061723
43.25520456241111
50.12259456108187
48.34576601029202
46.026114309528744
37.41556202493107
38.94800343117294
44.59009940346574
38.40462572969862
34.05024411127015
34.05209801082156
28.665818952071625
8.766118424172648
11.211346658630996
9.532624132065271
11.37484522994142
34.98484036214116
23.94681226764037
33.444686237859656
29.111312708914753
20.596524916070237
9.376869560090359
13.14390695383236
20.402805721840913
24.430812301799406
27.53772798582205
12.19524254709606
8.948648717627975
23.432085370777063
14.69981733364539
4.235731574439043
24.42453755479737
23.67893017033983
18.82800979139201
20.93097038185653
19.309794869153695
13.041171051646312
29.794363620986744
18.06296881752254
9.98003258681058
12.099904627965348
22.624657619601834
27.604062307841403
15.85177974274675
22.9553958268286
13.357665891944183
24.228506551470836
24.820179051571934
30.173917285697158
15.528564284405451
22.00596367550207
15.486787044361327
21.031190728895478
17.161638775581917
17.144679594070972
34.493338790614246
25.757129755422152
29.680535537492652
33.70374829414196
26.064486936558033
25.205416934283033
24.494887231491195
31.762594948103562
16.02268494053859
16.681084561232836
15.782693142638827
25.059694489584547
18.800129007402802
24.262178641946193
19.3465882153087
15.198790039567383
17.728031975065363
17.130589503054715
12.451082004595664
18.4025610782027
20.077060260045943
23.690464405401762
21.4066393253103
17.119161260252735
6.447400770549431
12.481855253104888
11.160275086912954
12.61839969507102
9.61653701477862
10.85961349688687
9.166187508545782
11.543241180534533
15.761374923287503
12.553655310092447
6.785253021962519
6.765397647762374
10.959727269264393
12.990696335224394
15.66658437758923
17.277664591319873
15.85798575390811
14.458454351675398
17.58521113730388
19.51124777526083
8.472704381804478
23.984171365613573
34.296260786056045
22.994528777896775
19.21576514947136
17.90298605530915
18.503823441360005
16.351017333718183
17.249410286749306
20.79052870791601
16.062806789551146
13.307692167858473
15.701548506751408
19.942978049756352
23.341820917995705
24.476136099840186
25.83657032187439
36.56464881012923
31.300017202807584
22.45668775878335
29.779181335726747
35.368692234762804
48.87568741748301
30.678670022775535
41.54356597451307
46.14044711407967
37.31929450597225
43.345804789177116
35.828467449568585
48.467652768141434
48.1824653413179
39.916753738983715
35.005026923823166
24.92331473371682
30.28890229746029
38.453586292171984
38.27694423275815
41.093431875711666
50.30256028588237
54.7403075895285
69.80820422055724
55.41041347847971
46.40793945736323
50.37685258866241
46.02542488115148
19.384900429788996
14.876986810878098
21.585497079391796
12.232414292299499
15.043988752727921
17.032192701863085
20.900739391466953
23.60176323817862
19.830555877984576
6.279555688782933
14.777934050998503
5.629144470736667
5.200542810231766
14.882168499971609
7.76537678117976
20.03136057706691
18.156808827158986
13.187853213108406
19.409082618555832
21.55562710370644
21.792388902093016
37.5130275839595
51.677781098655586
50.94931802975107
56.00531902416967
57.025323082550194
40.7247667368874
35.474653248008686
38.77104392694091
42.73532986776696
53.7081472198804
36.067827291384624
42.16899006602505
49.549971292934565
62.50771701449139
69.28925537617273
51.87356082943828
49.20538359624932
46.98657517011524
44.14436302054277
52.74766328905461
42.05581008196363
39.608676800429215
36.27935474447092
43.31859526960599
33.197266787322725
30.84455912341365
38.282628198570016
33.05850926595643
41.27585266135397
36.30779798749461
33.613558600306746
33.32863789022745
31.041186382693525
33.20676879297815
37.281624387077265
42.77973720380226
42.95554245372996
29.878986248901125
31.120738449967615
17.40824849369625
24.778024065065463
12.254069490673162
16.845434759973454
36.75843770976821
33.19499933257547
36.77712191624293
20.79383942168772
39.62672113081264
43.26172221200627
36.006878942806814
41.13750319340234
71.41192308929632
69.45652913379293
60.7034964977691
43.84501988316932
50.23868680011906
53.61613495727454
42.49864452840478
64.5996341993483
51.69612749632934
76.12475893273121
71.78275296560307
71.82698092118063
82.21539234108344
99.9265136158517
96.93007972286209
79.42471179866945
65.26722395050045
80.46172489364248
82.39725193578877
90.08120591067248
91.93246602874247
62.40620268011995
85.61638511769901
100.00557486156387
89.57537241797097
80.38718350174302
85.90350573209444
88.34881364038438
78.44704594698163
77.87328874719547
92.59991728984444
90.63262213498948
96.29686557873424
77.83104264482417
75.77659001088931
89.69095862264979
91.62810318496265
89.91587967478742
81.06456601544414
89.31850206395018
61.90776415466542
61.460608318183404
56.60570592882545
51.66351118930141
50.1458969058582
56.36155956520829
48.00456570574289
68.99653516201678
78.27644587803941
98.66396046757986
69.58222183753254
16.700050027101312
22.41891648905093
21.163179191856017
10.739646626756715
14.302202207575256
7.467193906350672
4.8287143592390755
10.427121735264596
0.8575257028786855
10.453210055666258
6.727634409461814
17.00014720172595
18.986539712777155
23.0259441649787
15.58240567439349
10.362879973956053
11.41194716441202
9.586600013042327
8.96481050401126
10.416916419144956
19.333610868176866
10.466317697751782
19.282181978131735
5.732372429688339
7.9369498817239945
8.308519203262183
11.05784024141163
9.583718073719297
19.373785699497848
13.863258019642455
6.2130296413640265
17.624017874573738
20.709046087428295
22.538865872668467
15.637378636270808
10.97525449293421
3.272299188642099
10.268821244871537
14.610272209894935
2.308160593294224
13.471125926957608
5.624400121490313
19.07738519822983
21.104026932169727
14.484889765094827
3.9855139027582704
7.361096953117609
18.740717042794554
27.60228023270801
26.46108577810852
17.941240013031972
24.763906263072343
20.50414325602762
24.562315083482783
19.270869452236948
12.646562686065515
20.243973871511713
24.342678325365302
38.25180493083546
25.37909419419655
29.282694247892007
27.062335221050212
31.150306541469043
34.56759288504867
12.864055412665824
35.94551204545397
40.78951467141324
26.303798985972044
23.326921048244394
10.857267656623268
24.22515835228152
30.520084912379282
34.850859973320716
31.527011191043343
45.304621392369796
44.81411636437202
58.88115326626802
40.50068730393791
32.853329595906644
40.02273657894282
33.923232474363516
12.23636504954297
14.23222200366503
16.824388061984564
18.293948966441448
9.418885257789137
4.469445431865635
12.617038837141106
7.29025305370813
0.32536079168426935
2.886379300177998
8.763916646262519
0.8926920490917561
5.561939418520494
6.333260733169426
12.301884268285598
5.587439053525132
2.9966420935440006
11.163521579422193
23.138035602946392
6.833444159512914
27.116766438651638
69.18898248996994
68.37029097266827
62.2347871864109
84.42709936649482
65.58985271890346
51.28239531915489
53.230962954310904
61.174049017451054
44.806709353833824
47.19156267371087
50.29911713358745
44.23422701219416
53.843319275658736
77.26300204292482
67.87988030161374
58.969360891672046
53.042500921783855
59.59101343482211
49.7639680960434
49.04618990210734
45.11850803941003
38.598183489941825
34.99265487134953
42.004506084033245
34.65735907141109
32.538831700189526
39.32404051115032
35.23126143030186
39.027805941633396
41.207279306252154
45.66086501697572
32.35015960518258
27.007960039130342
24.470019432124502
32.03130649948739
36.30915826125703
32.3875395141741
49.48966743976365
50.47779879711676
53.82099947863143
48.63027780417122
51.36951903787984
27.606748430552766
32.22849931729272
32.03264171920704
28.17081158061581
14.029673076602055
42.77629981257446
37.156533984702584
25.898062859436138
33.98608682075271
